--------------------------------------------------------------
说明：spring over stomp中使用默认【基于电脑运行内存】消息负载和使用中间件【activemq】性能测试。
环境：java端起5个线程作为生产者发送一定数量的消息到中间件，web前端统计收到第一条消息到收到最后
一条消息的时间，单位ms。
--------------------------------------------------------------
基于内存：(1ms)
线程数 	发送消息数	总计消息数	接收总计消息	耗时
5	1000		1000		1000		395
5	1000		5000		5000		1968
							1947
							1965
							1966
							1945
							1938
5	10000		50000		50000		3903
							3913
							3936
							3932
							3906
5	20000		100000		100000		39414
-----------------------------------------------------------------------------------
基于内存：(3ms)
线程数 	发送消息数	总计消息数	接收总计消息	耗时
5	1000		1000		1000		395
5	1000		5000		5000		1968
							1947
							1965
							1966
							1945
							1938
5	10000		50000		50000		7810
							7740
							7736
							7789
							7792
5	20000		100000		100000		77901
-----------------------------------------------------------------------------------
基于activemq（3ms）
线程数 	发送消息数	总计消息数	接收总计消息	耗时
5	200		10000		10000		1153
5	1000(5合1)	5000		5000		4219
5	5000		5000		5000		3980
							3974	
							3955
							3920
							3950
5	10000（5合一）	10000		10000		7942
5	10000		50000		50000		7969
							7888
							7842
							7773
							7827
5	20000		100000		100000		78447
							77469
